*************************************
     Longest Common Sub-sequence
*************************************
 
=================================================
Length of Longest Common Sub-sequence : 100
=================================================
89960,
95897,
19189,
55698,
75888,
10041,
81050,
32725,
33593,
39210,
44942,
24852,
65370,
56170,
51394,
91043,
16850,
80375,
80015,
5878,
44584,
7097,
61399,
57601,
2809,
9242,
2261,
5411,
3469,
2658,
2889,
4850,
4933,
6136,
8046,
952,
8365,
734,
4815,
409,
1788,
7470,
6378,
5290,
9804,
335,
9831,
5689,
6653,
3958,
585727,
253436,
259802,
945195,
648038,
557016,
822242,
583238,
84713,
641630,
179321,
497040,
389958,
854754,
5252,
989349,
75881,
954219,
351161,
396187,
7434,
700523,
569179,
144198,
274514,
982,
3406,
3831,
8444,
9739,
8760,
6873,
7434,
4930,
2367,
7816,
8690,
1978,
6785,
1725,
3124,
4380,
9025,
7223,
7996,
5603,
9750,
5967,
8082,
444